Reversed Order sort1:
1000	0.002	
2000	0.001	0.628	-0.671
4000	0.008	7.545	2.916
8000	0.017	2.089	1.062
16000	0.013	0.723	-0.467
32000	0.039	3.102	1.633
64000	0.023	0.576	-0.797
128000	0.047	2.080	1.056
256000	0.071	1.519	0.603
512000	0.169	2.376	1.249
1024000	0.428	2.528	1.338
2048000	1.034	2.414	1.272
4096000	2.312	2.236	1.161
8192000	3.665	1.585	0.665
16384000	13.340	3.639	1.864

Reversed Order sort2:
1000	0.018	
2000	0.024	1.342	0.424
4000	0.053	2.235	1.161
8000	0.247	4.641	2.214
16000	0.699	2.826	1.499
32000	3.404	4.873	2.285
64000	15.265	4.485	2.165
128000	65.469	4.289	2.101
256000	509.077	7.776	2.959

Reversed Order sort3:
1000	0.003	
2000	0.002	0.508	-0.976
4000	0.008	5.383	2.428
8000	0.010	1.232	0.300
16000	0.017	1.695	0.761
32000	0.022	1.269	0.344
64000	0.031	1.426	0.512
128000	0.043	1.404	0.490
256000	0.072	1.650	0.723
512000	0.187	2.614	1.386
1024000	0.444	2.369	1.244
2048000	0.956	2.155	1.108
4096000	1.873	1.959	0.970
8192000	4.828	2.578	1.366
16384000	12.234	2.534	1.341

Reversed Order sort4:
1000	0.012	
2000	0.051	4.358	2.124
4000	0.038	0.755	-0.405
8000	0.081	2.117	1.082
16000	0.330	4.074	2.027
32000	1.524	4.614	2.206
64000	13.653	8.959	3.163
128000	36.166	2.649	1.405
256000	322.974	8.930	3.159

Reversed Order sort5:
1000	0.015	
2000	0.005	0.319	-1.649
4000	0.018	3.666	1.874
8000	0.084	4.644	2.215
16000	0.265	3.168	1.663
32000	1.032	3.892	1.960
64000	4.444	4.306	2.106
128000	20.701	4.658	2.220
256000	193.411	9.343	3.224
