Ordered: sort1
1000	0.002	
2000	0.001	0.631	-0.664
4000	0.002	2.022	1.016
8000	0.019	8.495	3.087
16000	0.014	0.723	-0.468
32000	0.054	3.986	1.995
64000	0.020	0.366	-1.449
128000	0.039	1.980	0.985
256000	0.062	1.571	0.652
512000	0.168	2.724	1.446
1024000	0.404	2.398	1.262
2048000	0.977	2.422	1.276
4096000	1.390	1.422	0.508
8192000	5.742	4.132	2.047
16384000	12.950	2.255	1.173

Ordered: sort2
1000	0.000	
2000	0.000	0.338	-1.565
4000	0.000	2.686	1.425
8000	0.001	1.706	0.770
16000	0.002	2.125	1.087
32000	0.005	3.375	1.755
64000	0.004	0.720	-0.474
128000	0.002	0.449	-1.156
256000	0.003	1.515	0.599
512000	0.001	0.521	-0.941
1024000	0.003	2.233	1.159
2048000	0.033	10.803	3.433
4096000	0.077	2.332	1.222
8192000	0.166	2.159	1.111
16384000	0.125	0.754	-0.408

Ordered: sort3
1000	0.003	
2000	0.001	0.480	-1.060
4000	0.003	2.231	1.158
8000	0.010	3.333	1.737
16000	0.015	1.526	0.610
32000	0.030	2.066	1.047
64000	0.031	1.023	0.033
128000	0.053	1.703	0.768
256000	0.080	1.513	0.598
512000	0.166	2.066	1.047
1024000	0.363	2.185	1.128
2048000	1.112	3.064	1.616
4096000	2.708	2.435	1.284
8192000	6.611	2.442	1.288
16384000	9.472	1.433	0.519

Ordered: sort4
1000	0.012	
2000	0.005	0.399	-1.327
4000	0.060	12.704	3.667
8000	0.049	0.815	-0.296
16000	0.253	5.146	2.363
32000	1.045	4.138	2.049
64000	4.251	4.069	2.025
128000	20.477	4.817	2.268
256000	183.467	8.960	3.163


Ordered: sort5
1000	0.018	
2000	0.006	0.316	-1.662
4000	0.013	2.241	1.164
8000	0.062	4.855	2.279
16000	0.204	3.304	1.724
32000	0.928	4.541	2.183
64000	4.236	4.565	2.191
128000	23.034	5.437	2.443
256000	190.953	8.290	3.051