========sort 1===========================
(1, 6)	(2, 5)	(3, 3)	(4, 2)	(5, 1)	(5, 4)	(5, 7)	
Thus, stable!


========sort 2===========================
(1, 6)	(2, 5)	(3, 3)	(4, 2)	(5, 1)	(5, 4)	(5, 7)
Thus, stable!


========sort 3===========================
(1, 6)	(2, 5)	(3, 3)	(4, 2)	(5, 7)	(5, 1)	(5, 4)	
Thus, unstable!

========sort 4===========================
(1, 6)	(2, 5)	(3, 3)	(4, 2)	(5, 7)	(5, 1)	(5, 4)	
Thus, unstable!

========sort 5===========================
(1, 6)	(2, 5)	(3, 3)	(4, 2)	(5, 4)	(5, 1)	(5, 7)
Thus, unstable!