Random: sort1
1000	0.003	
2000	0.002	0.654	-0.612
4000	0.003	1.974	0.981
8000	0.008	2.462	1.300
16000	0.048	5.767	2.528
32000	0.073	1.531	0.614
64000	0.027	0.373	-1.423
128000	0.075	2.761	1.465
256000	0.113	1.510	0.594
512000	0.213	1.882	0.912
1024000	0.440	2.067	1.048
2048000	1.986	4.513	2.174
4096000	2.023	1.019	0.027
8192000	4.623	2.285	1.192

Random: sort2
1000	0.018	
2000	0.018	0.957	-0.063
4000	0.026	1.470	0.555
8000	0.099	3.806	1.928
16000	0.353	3.573	1.837
32000	1.374	3.894	1.961
64000	7.009	5.101	2.351
128000	30.772	4.390	2.134
256000	169.166	5.497	2.459

Random: sort3
1000	0.004	
2000	0.001	0.371	-1.431
4000	0.003	2.130	1.091
8000	0.006	2.249	1.170
16000	0.017	2.652	1.407
32000	0.020	1.207	0.271
64000	0.024	1.166	0.221
128000	0.054	2.266	1.180
256000	0.100	1.860	0.895
512000	0.221	2.204	1.140
1024000	0.435	1.971	0.979
2048000	1.065	2.447	1.291
4096000	2.376	2.230	1.157
8192000	5.585	2.351	1.233

Random: sort4
1000	0.003	
2000	0.001	0.254	-1.976
4000	0.002	2.835	1.503
8000	0.005	2.119	1.083
16000	0.030	6.348	2.666
32000	0.063	2.139	1.097
64000	0.072	1.136	0.184
128000	0.051	0.702	-0.511
256000	0.076	1.503	0.588
512000	0.140	1.848	0.886
1024000	0.297	2.118	1.083
2048000	0.691	2.325	1.217
4096000	1.593	2.305	1.205
8192000	3.663	2.299	1.201

Random: sort5
1000	0.012	
2000	0.009	0.783	-0.352
4000	0.032	3.455	1.789
8000	0.112	3.506	1.810
16000	0.484	4.339	2.117
32000	1.666	3.439	1.782
64000	6.819	4.094	2.034
128000	21.251	3.116	1.640
256000	197.504	9.294	3.216